0 0.45 0
0 0.45 0.008
0 0.45 0.016
0 0.45 0.024
0 0.45 0.032
0.008 0.45 0
0.008 0.45 0.008
0.008 0.45 0.016
0.008 0.45 0.024
0.008 0.45 0.032
0.016 0.45 0
0.016 0.45 0.008
0.016 0.45 0.016
0.016 0.45 0.024
0.016 0.45 0.032
0.024 0.45 0
0.024 0.45 0.008
0.024 0.45 0.016
0.024 0.45 0.024
0.024 0.45 0.032
0.032 0.45 0
0.032 0.45 0.008
0.032 0.45 0.016
0.032 0.45 0.024
0.032 0.45 0.032
0.04 0.45 0
0.04 0.45 0.008
0.04 0.45 0.016
0.04 0.45 0.024
0.04 0.45 0.032
0.048 0.45 0
0.048 0.45 0.008
0.048 0.45 0.016
0.048 0.45 0.024
0.048 0.45 0.032
0.056 0.45 0
0.056 0.45 0.008
0.056 0.45 0.016
0.056 0.45 0.024
0.056 0.45 0.032
0.064 0.45 0
0.064 0.45 0.008
0.064 0.45 0.016
0.064 0.45 0.024
0.064 0.45 0.032
0.072 0.45 0
0.072 0.45 0.008
0.072 0.45 0.016
0.072 0.45 0.024
0.072 0.45 0.032
0.08 0.45 0
0.08 0.45 0.008
0.08 0.45 0.016
0.08 0.45 0.024
0.08 0.45 0.032
0.088 0.45 0
0.088 0.45 0.008
0.088 0.45 0.016
0.088 0.45 0.024
0.088 0.45 0.032
0.096 0.45 0
0.096 0.45 0.008
0.096 0.45 0.016
0.096 0.45 0.024
0.096 0.45 0.032
0.104 0.45 0
0.104 0.45 0.008
0.104 0.45 0.016
0.104 0.45 0.024
0.104 0.45 0.032
0.112 0.45 0
0.112 0.45 0.008
0.112 0.45 0.016
0.112 0.45 0.024
0.112 0.45 0.032
0.12 0.45 0
0.12 0.45 0.008
0.12 0.45 0.016
0.12 0.45 0.024
0.12 0.45 0.032
0.128 0.45 0
0.128 0.45 0.008
0.128 0.45 0.016
0.128 0.45 0.024
0.128 0.45 0.032
0.136 0.45 0
0.136 0.45 0.008
0.136 0.45 0.016
0.136 0.45 0.024
0.136 0.45 0.032
0.144 0.45 0
0.144 0.45 0.008
0.144 0.45 0.016
0.144 0.45 0.024
0.144 0.45 0.032
0.152 0.45 0
0.152 0.45 0.008
0.152 0.45 0.016
0.152 0.45 0.024
0.152 0.45 0.032
0.16 0.45 0
0.16 0.45 0.008
0.16 0.45 0.016
0.16 0.45 0.024
0.16 0.45 0.032
0.168 0.45 0
0.168 0.45 0.008
0.168 0.45 0.016
0.168 0.45 0.024
0.168 0.45 0.032
0.176 0.45 0
0.176 0.45 0.008
0.176 0.45 0.016
0.176 0.45 0.024
0.176 0.45 0.032
0.184 0.45 0
0.184 0.45 0.008
0.184 0.45 0.016
0.184 0.45 0.024
0.184 0.45 0.032
0.192 0.45 0
0.192 0.45 0.008
0.192 0.45 0.016
0.192 0.45 0.024
0.192 0.45 0.032
0.2 0.45 0
0.2 0.45 0.008
0.2 0.45 0.016
0.2 0.45 0.024
0.2 0.45 0.032
0.208 0.45 0
0.208 0.45 0.008
0.208 0.45 0.016
0.208 0.45 0.024
0.208 0.45 0.032
0.216 0.45 0
0.216 0.45 0.008
0.216 0.45 0.016
0.216 0.45 0.024
0.216 0.45 0.032
0.224 0.45 0
0.224 0.45 0.008
0.224 0.45 0.016
0.224 0.45 0.024
0.224 0.45 0.032
0.232 0.45 0
0.232 0.45 0.008
0.232 0.45 0.016
0.232 0.45 0.024
0.232 0.45 0.032
0.24 0.45 0
0.24 0.45 0.008
0.24 0.45 0.016
0.24 0.45 0.024
0.24 0.45 0.032
0.248 0.45 0
0.248 0.45 0.008
0.248 0.45 0.016
0.248 0.45 0.024
0.248 0.45 0.032
0.256 0.45 0
0.256 0.45 0.008
0.256 0.45 0.016
0.256 0.45 0.024
0.256 0.45 0.032
0.264 0.45 0
0.264 0.45 0.008
0.264 0.45 0.016
0.264 0.45 0.024
0.264 0.45 0.032
0.272 0.45 0
0.272 0.45 0.008
0.272 0.45 0.016
0.272 0.45 0.024
0.272 0.45 0.032
0.28 0.45 0
0.28 0.45 0.008
0.28 0.45 0.016
0.28 0.45 0.024
0.28 0.45 0.032
0.288 0.45 0
0.288 0.45 0.008
0.288 0.45 0.016
0.288 0.45 0.024
0.288 0.45 0.032
0.296 0.45 0
0.296 0.45 0.008
0.296 0.45 0.016
0.296 0.45 0.024
0.296 0.45 0.032
0.304 0.45 0
0.304 0.45 0.008
0.304 0.45 0.016
0.304 0.45 0.024
0.304 0.45 0.032
0.312 0.45 0
0.312 0.45 0.008
0.312 0.45 0.016
0.312 0.45 0.024
0.312 0.45 0.032
0.32 0.45 0
0.32 0.45 0.008
0.32 0.45 0.016
0.32 0.45 0.024
0.32 0.45 0.032
0.328 0.45 0
0.328 0.45 0.008
0.328 0.45 0.016
0.328 0.45 0.024
0.328 0.45 0.032
0.336 0.45 0
0.336 0.45 0.008
0.336 0.45 0.016
0.336 0.45 0.024
0.336 0.45 0.032
0.344 0.45 0
0.344 0.45 0.008
0.344 0.45 0.016
0.344 0.45 0.024
0.344 0.45 0.032
0.352 0.45 0
0.352 0.45 0.008
0.352 0.45 0.016
0.352 0.45 0.024
0.352 0.45 0.032
0.36 0.45 0
0.36 0.45 0.008
0.36 0.45 0.016
0.36 0.45 0.024
0.36 0.45 0.032
0.368 0.45 0
0.368 0.45 0.008
0.368 0.45 0.016
0.368 0.45 0.024
0.368 0.45 0.032
0.376 0.45 0
0.376 0.45 0.008
0.376 0.45 0.016
0.376 0.45 0.024
0.376 0.45 0.032
0.384 0.45 0
0.384 0.45 0.008
0.384 0.45 0.016
0.384 0.45 0.024
0.384 0.45 0.032
0.392 0.45 0
0.392 0.45 0.008
0.392 0.45 0.016
0.392 0.45 0.024
0.392 0.45 0.032
0 0.466 0
0 0.466 0.008
0 0.466 0.016
0 0.466 0.024
0 0.466 0.032
0.008 0.466 0
0.008 0.466 0.008
0.008 0.466 0.016
0.008 0.466 0.024
0.008 0.466 0.032
0.016 0.466 0
0.016 0.466 0.008
0.016 0.466 0.016
0.016 0.466 0.024
0.016 0.466 0.032
0.024 0.466 0
0.024 0.466 0.008
0.024 0.466 0.016
0.024 0.466 0.024
0.024 0.466 0.032
0.032 0.466 0
0.032 0.466 0.008
0.032 0.466 0.016
0.032 0.466 0.024
0.032 0.466 0.032
0.04 0.466 0
0.04 0.466 0.008
0.04 0.466 0.016
0.04 0.466 0.024
0.04 0.466 0.032
0.048 0.466 0
0.048 0.466 0.008
0.048 0.466 0.016
0.048 0.466 0.024
0.048 0.466 0.032
0.056 0.466 0
0.056 0.466 0.008
0.056 0.466 0.016
0.056 0.466 0.024
0.056 0.466 0.032
0.064 0.466 0
0.064 0.466 0.008
0.064 0.466 0.016
0.064 0.466 0.024
0.064 0.466 0.032
0.072 0.466 0
0.072 0.466 0.008
0.072 0.466 0.016
0.072 0.466 0.024
0.072 0.466 0.032
0.08 0.466 0
0.08 0.466 0.008
0.08 0.466 0.016
0.08 0.466 0.024
0.08 0.466 0.032
0.088 0.466 0
0.088 0.466 0.008
0.088 0.466 0.016
0.088 0.466 0.024
0.088 0.466 0.032
0.096 0.466 0
0.096 0.466 0.008
0.096 0.466 0.016
0.096 0.466 0.024
0.096 0.466 0.032
0.104 0.466 0
0.104 0.466 0.008
0.104 0.466 0.016
0.104 0.466 0.024
0.104 0.466 0.032
0.112 0.466 0
0.112 0.466 0.008
0.112 0.466 0.016
0.112 0.466 0.024
0.112 0.466 0.032
0.12 0.466 0
0.12 0.466 0.008
0.12 0.466 0.016
0.12 0.466 0.024
0.12 0.466 0.032
0.128 0.466 0
0.128 0.466 0.008
0.128 0.466 0.016
0.128 0.466 0.024
0.128 0.466 0.032
0.136 0.466 0
0.136 0.466 0.008
0.136 0.466 0.016
0.136 0.466 0.024
0.136 0.466 0.032
0.144 0.466 0
0.144 0.466 0.008
0.144 0.466 0.016
0.144 0.466 0.024
0.144 0.466 0.032
0.152 0.466 0
0.152 0.466 0.008
0.152 0.466 0.016
0.152 0.466 0.024
0.152 0.466 0.032
0.16 0.466 0
0.16 0.466 0.008
0.16 0.466 0.016
0.16 0.466 0.024
0.16 0.466 0.032
0.168 0.466 0
0.168 0.466 0.008
0.168 0.466 0.016
0.168 0.466 0.024
0.168 0.466 0.032
0.176 0.466 0
0.176 0.466 0.008
0.176 0.466 0.016
0.176 0.466 0.024
0.176 0.466 0.032
0.184 0.466 0
0.184 0.466 0.008
0.184 0.466 0.016
0.184 0.466 0.024
0.184 0.466 0.032
0.192 0.466 0
0.192 0.466 0.008
0.192 0.466 0.016
0.192 0.466 0.024
0.192 0.466 0.032
0.2 0.466 0
0.2 0.466 0.008
0.2 0.466 0.016
0.2 0.466 0.024
0.2 0.466 0.032
0.208 0.466 0
0.208 0.466 0.008
0.208 0.466 0.016
0.208 0.466 0.024
0.208 0.466 0.032
0.216 0.466 0
0.216 0.466 0.008
0.216 0.466 0.016
0.216 0.466 0.024
0.216 0.466 0.032
0.224 0.466 0
0.224 0.466 0.008
0.224 0.466 0.016
0.224 0.466 0.024
0.224 0.466 0.032
0.232 0.466 0
0.232 0.466 0.008
0.232 0.466 0.016
0.232 0.466 0.024
0.232 0.466 0.032
0.24 0.466 0
0.24 0.466 0.008
0.24 0.466 0.016
0.24 0.466 0.024
0.24 0.466 0.032
0.248 0.466 0
0.248 0.466 0.008
0.248 0.466 0.016
0.248 0.466 0.024
0.248 0.466 0.032
0.256 0.466 0
0.256 0.466 0.008
0.256 0.466 0.016
0.256 0.466 0.024
0.256 0.466 0.032
0.264 0.466 0
0.264 0.466 0.008
0.264 0.466 0.016
0.264 0.466 0.024
0.264 0.466 0.032
0.272 0.466 0
0.272 0.466 0.008
0.272 0.466 0.016
0.272 0.466 0.024
0.272 0.466 0.032
0.28 0.466 0
0.28 0.466 0.008
0.28 0.466 0.016
0.28 0.466 0.024
0.28 0.466 0.032
0.288 0.466 0
0.288 0.466 0.008
0.288 0.466 0.016
0.288 0.466 0.024
0.288 0.466 0.032
0.296 0.466 0
0.296 0.466 0.008
0.296 0.466 0.016
0.296 0.466 0.024
0.296 0.466 0.032
0.304 0.466 0
0.304 0.466 0.008
0.304 0.466 0.016
0.304 0.466 0.024
0.304 0.466 0.032
0.312 0.466 0
0.312 0.466 0.008
0.312 0.466 0.016
0.312 0.466 0.024
0.312 0.466 0.032
0.32 0.466 0
0.32 0.466 0.008
0.32 0.466 0.016
0.32 0.466 0.024
0.32 0.466 0.032
0.328 0.466 0
0.328 0.466 0.008
0.328 0.466 0.016
0.328 0.466 0.024
0.328 0.466 0.032
0.336 0.466 0
0.336 0.466 0.008
0.336 0.466 0.016
0.336 0.466 0.024
0.336 0.466 0.032
0.344 0.466 0
0.344 0.466 0.008
0.344 0.466 0.016
0.344 0.466 0.024
0.344 0.466 0.032
0.352 0.466 0
0.352 0.466 0.008
0.352 0.466 0.016
0.352 0.466 0.024
0.352 0.466 0.032
0.36 0.466 0
0.36 0.466 0.008
0.36 0.466 0.016
0.36 0.466 0.024
0.36 0.466 0.032
0.368 0.466 0
0.368 0.466 0.008
0.368 0.466 0.016
0.368 0.466 0.024
0.368 0.466 0.032
0.376 0.466 0
0.376 0.466 0.008
0.376 0.466 0.016
0.376 0.466 0.024
0.376 0.466 0.032
0.384 0.466 0
0.384 0.466 0.008
0.384 0.466 0.016
0.384 0.466 0.024
0.384 0.466 0.032
0.392 0.466 0
0.392 0.466 0.008
0.392 0.466 0.016
0.392 0.466 0.024
0.392 0.466 0.032
0 0.482 0
0 0.482 0.008
0 0.482 0.016
0 0.482 0.024
0 0.482 0.032
0.008 0.482 0
0.008 0.482 0.008
0.008 0.482 0.016
0.008 0.482 0.024
0.008 0.482 0.032
0.016 0.482 0
0.016 0.482 0.008
0.016 0.482 0.016
0.016 0.482 0.024
0.016 0.482 0.032
0.024 0.482 0
0.024 0.482 0.008
0.024 0.482 0.016
0.024 0.482 0.024
0.024 0.482 0.032
0.032 0.482 0
0.032 0.482 0.008
0.032 0.482 0.016
0.032 0.482 0.024
0.032 0.482 0.032
0.04 0.482 0
0.04 0.482 0.008
0.04 0.482 0.016
0.04 0.482 0.024
0.04 0.482 0.032
0.048 0.482 0
0.048 0.482 0.008
0.048 0.482 0.016
0.048 0.482 0.024
0.048 0.482 0.032
0.056 0.482 0
0.056 0.482 0.008
0.056 0.482 0.016
0.056 0.482 0.024
0.056 0.482 0.032
0.064 0.482 0
0.064 0.482 0.008
0.064 0.482 0.016
0.064 0.482 0.024
0.064 0.482 0.032
0.072 0.482 0
0.072 0.482 0.008
0.072 0.482 0.016
0.072 0.482 0.024
0.072 0.482 0.032
0.08 0.482 0
0.08 0.482 0.008
0.08 0.482 0.016
0.08 0.482 0.024
0.08 0.482 0.032
0.088 0.482 0
0.088 0.482 0.008
0.088 0.482 0.016
0.088 0.482 0.024
0.088 0.482 0.032
0.096 0.482 0
0.096 0.482 0.008
0.096 0.482 0.016
0.096 0.482 0.024
0.096 0.482 0.032
0.104 0.482 0
0.104 0.482 0.008
0.104 0.482 0.016
0.104 0.482 0.024
0.104 0.482 0.032
0.112 0.482 0
0.112 0.482 0.008
0.112 0.482 0.016
0.112 0.482 0.024
0.112 0.482 0.032
0.12 0.482 0
0.12 0.482 0.008
0.12 0.482 0.016
0.12 0.482 0.024
0.12 0.482 0.032
0.128 0.482 0
0.128 0.482 0.008
0.128 0.482 0.016
0.128 0.482 0.024
0.128 0.482 0.032
0.136 0.482 0
0.136 0.482 0.008
0.136 0.482 0.016
0.136 0.482 0.024
0.136 0.482 0.032
0.144 0.482 0
0.144 0.482 0.008
0.144 0.482 0.016
0.144 0.482 0.024
0.144 0.482 0.032
0.152 0.482 0
0.152 0.482 0.008
0.152 0.482 0.016
0.152 0.482 0.024
0.152 0.482 0.032
0.16 0.482 0
0.16 0.482 0.008
0.16 0.482 0.016
0.16 0.482 0.024
0.16 0.482 0.032
0.168 0.482 0
0.168 0.482 0.008
0.168 0.482 0.016
0.168 0.482 0.024
0.168 0.482 0.032
0.176 0.482 0
0.176 0.482 0.008
0.176 0.482 0.016
0.176 0.482 0.024
0.176 0.482 0.032
0.184 0.482 0
0.184 0.482 0.008
0.184 0.482 0.016
0.184 0.482 0.024
0.184 0.482 0.032
0.192 0.482 0
0.192 0.482 0.008
0.192 0.482 0.016
0.192 0.482 0.024
0.192 0.482 0.032
0.2 0.482 0
0.2 0.482 0.008
0.2 0.482 0.016
0.2 0.482 0.024
0.2 0.482 0.032
0.208 0.482 0
0.208 0.482 0.008
0.208 0.482 0.016
0.208 0.482 0.024
0.208 0.482 0.032
0.216 0.482 0
0.216 0.482 0.008
0.216 0.482 0.016
0.216 0.482 0.024
0.216 0.482 0.032
0.224 0.482 0
0.224 0.482 0.008
0.224 0.482 0.016
0.224 0.482 0.024
0.224 0.482 0.032
0.232 0.482 0
0.232 0.482 0.008
0.232 0.482 0.016
0.232 0.482 0.024
0.232 0.482 0.032
0.24 0.482 0
0.24 0.482 0.008
0.24 0.482 0.016
0.24 0.482 0.024
0.24 0.482 0.032
0.248 0.482 0
0.248 0.482 0.008
0.248 0.482 0.016
0.248 0.482 0.024
0.248 0.482 0.032
0.256 0.482 0
0.256 0.482 0.008
0.256 0.482 0.016
0.256 0.482 0.024
0.256 0.482 0.032
0.264 0.482 0
0.264 0.482 0.008
0.264 0.482 0.016
0.264 0.482 0.024
0.264 0.482 0.032
0.272 0.482 0
0.272 0.482 0.008
0.272 0.482 0.016
0.272 0.482 0.024
0.272 0.482 0.032
0.28 0.482 0
0.28 0.482 0.008
0.28 0.482 0.016
0.28 0.482 0.024
0.28 0.482 0.032
0.288 0.482 0
0.288 0.482 0.008
0.288 0.482 0.016
0.288 0.482 0.024
0.288 0.482 0.032
0.296 0.482 0
0.296 0.482 0.008
0.296 0.482 0.016
0.296 0.482 0.024
0.296 0.482 0.032
0.304 0.482 0
0.304 0.482 0.008
0.304 0.482 0.016
0.304 0.482 0.024
0.304 0.482 0.032
0.312 0.482 0
0.312 0.482 0.008
0.312 0.482 0.016
0.312 0.482 0.024
0.312 0.482 0.032
0.32 0.482 0
0.32 0.482 0.008
0.32 0.482 0.016
0.32 0.482 0.024
0.32 0.482 0.032
0.328 0.482 0
0.328 0.482 0.008
0.328 0.482 0.016
0.328 0.482 0.024
0.328 0.482 0.032
0.336 0.482 0
0.336 0.482 0.008
0.336 0.482 0.016
0.336 0.482 0.024
0.336 0.482 0.032
0.344 0.482 0
0.344 0.482 0.008
0.344 0.482 0.016
0.344 0.482 0.024
0.344 0.482 0.032
0.352 0.482 0
0.352 0.482 0.008
0.352 0.482 0.016
0.352 0.482 0.024
0.352 0.482 0.032
0.36 0.482 0
0.36 0.482 0.008
0.36 0.482 0.016
0.36 0.482 0.024
0.36 0.482 0.032
0.368 0.482 0
0.368 0.482 0.008
0.368 0.482 0.016
0.368 0.482 0.024
0.368 0.482 0.032
0.376 0.482 0
0.376 0.482 0.008
0.376 0.482 0.016
0.376 0.482 0.024
0.376 0.482 0.032
0.384 0.482 0
0.384 0.482 0.008
0.384 0.482 0.016
0.384 0.482 0.024
0.384 0.482 0.032
0.392 0.482 0
0.392 0.482 0.008
0.392 0.482 0.016
0.392 0.482 0.024
0.392 0.482 0.032
0 0.498 0
0 0.498 0.008
0 0.498 0.016
0 0.498 0.024
0 0.498 0.032
0.008 0.498 0
0.008 0.498 0.008
0.008 0.498 0.016
0.008 0.498 0.024
0.008 0.498 0.032
0.016 0.498 0
0.016 0.498 0.008
0.016 0.498 0.016
0.016 0.498 0.024
0.016 0.498 0.032
0.024 0.498 0
0.024 0.498 0.008
0.024 0.498 0.016
0.024 0.498 0.024
0.024 0.498 0.032
0.032 0.498 0
0.032 0.498 0.008
0.032 0.498 0.016
0.032 0.498 0.024
0.032 0.498 0.032
0.04 0.498 0
0.04 0.498 0.008
0.04 0.498 0.016
0.04 0.498 0.024
0.04 0.498 0.032
0.048 0.498 0
0.048 0.498 0.008
0.048 0.498 0.016
0.048 0.498 0.024
0.048 0.498 0.032
0.056 0.498 0
0.056 0.498 0.008
0.056 0.498 0.016
0.056 0.498 0.024
0.056 0.498 0.032
0.064 0.498 0
0.064 0.498 0.008
0.064 0.498 0.016
0.064 0.498 0.024
0.064 0.498 0.032
0.072 0.498 0
0.072 0.498 0.008
0.072 0.498 0.016
0.072 0.498 0.024
0.072 0.498 0.032
0.08 0.498 0
0.08 0.498 0.008
0.08 0.498 0.016
0.08 0.498 0.024
0.08 0.498 0.032
0.088 0.498 0
0.088 0.498 0.008
0.088 0.498 0.016
0.088 0.498 0.024
0.088 0.498 0.032
0.096 0.498 0
0.096 0.498 0.008
0.096 0.498 0.016
0.096 0.498 0.024
0.096 0.498 0.032
0.104 0.498 0
0.104 0.498 0.008
0.104 0.498 0.016
0.104 0.498 0.024
0.104 0.498 0.032
0.112 0.498 0
0.112 0.498 0.008
0.112 0.498 0.016
0.112 0.498 0.024
0.112 0.498 0.032
0.12 0.498 0
0.12 0.498 0.008
0.12 0.498 0.016
0.12 0.498 0.024
0.12 0.498 0.032
0.128 0.498 0
0.128 0.498 0.008
0.128 0.498 0.016
0.128 0.498 0.024
0.128 0.498 0.032
0.136 0.498 0
0.136 0.498 0.008
0.136 0.498 0.016
0.136 0.498 0.024
0.136 0.498 0.032
0.144 0.498 0
0.144 0.498 0.008
0.144 0.498 0.016
0.144 0.498 0.024
0.144 0.498 0.032
0.152 0.498 0
0.152 0.498 0.008
0.152 0.498 0.016
0.152 0.498 0.024
0.152 0.498 0.032
0.16 0.498 0
0.16 0.498 0.008
0.16 0.498 0.016
0.16 0.498 0.024
0.16 0.498 0.032
0.168 0.498 0
0.168 0.498 0.008
0.168 0.498 0.016
0.168 0.498 0.024
0.168 0.498 0.032
0.176 0.498 0
0.176 0.498 0.008
0.176 0.498 0.016
0.176 0.498 0.024
0.176 0.498 0.032
0.184 0.498 0
0.184 0.498 0.008
0.184 0.498 0.016
0.184 0.498 0.024
0.184 0.498 0.032
0.192 0.498 0
0.192 0.498 0.008
0.192 0.498 0.016
0.192 0.498 0.024
0.192 0.498 0.032
0.2 0.498 0
0.2 0.498 0.008
0.2 0.498 0.016
0.2 0.498 0.024
0.2 0.498 0.032
0.208 0.498 0
0.208 0.498 0.008
0.208 0.498 0.016
0.208 0.498 0.024
0.208 0.498 0.032
0.216 0.498 0
0.216 0.498 0.008
0.216 0.498 0.016
0.216 0.498 0.024
0.216 0.498 0.032
0.224 0.498 0
0.224 0.498 0.008
0.224 0.498 0.016
0.224 0.498 0.024
0.224 0.498 0.032
0.232 0.498 0
0.232 0.498 0.008
0.232 0.498 0.016
0.232 0.498 0.024
0.232 0.498 0.032
0.24 0.498 0
0.24 0.498 0.008
0.24 0.498 0.016
0.24 0.498 0.024
0.24 0.498 0.032
0.248 0.498 0
0.248 0.498 0.008
0.248 0.498 0.016
0.248 0.498 0.024
0.248 0.498 0.032
0.256 0.498 0
0.256 0.498 0.008
0.256 0.498 0.016
0.256 0.498 0.024
0.256 0.498 0.032
0.264 0.498 0
0.264 0.498 0.008
0.264 0.498 0.016
0.264 0.498 0.024
0.264 0.498 0.032
0.272 0.498 0
0.272 0.498 0.008
0.272 0.498 0.016
0.272 0.498 0.024
0.272 0.498 0.032
0.28 0.498 0
0.28 0.498 0.008
0.28 0.498 0.016
0.28 0.498 0.024
0.28 0.498 0.032
0.288 0.498 0
0.288 0.498 0.008
0.288 0.498 0.016
0.288 0.498 0.024
0.288 0.498 0.032
0.296 0.498 0
0.296 0.498 0.008
0.296 0.498 0.016
0.296 0.498 0.024
0.296 0.498 0.032
0.304 0.498 0
0.304 0.498 0.008
0.304 0.498 0.016
0.304 0.498 0.024
0.304 0.498 0.032
0.312 0.498 0
0.312 0.498 0.008
0.312 0.498 0.016
0.312 0.498 0.024
0.312 0.498 0.032
0.32 0.498 0
0.32 0.498 0.008
0.32 0.498 0.016
0.32 0.498 0.024
0.32 0.498 0.032
0.328 0.498 0
0.328 0.498 0.008
0.328 0.498 0.016
0.328 0.498 0.024
0.328 0.498 0.032
0.336 0.498 0
0.336 0.498 0.008
0.336 0.498 0.016
0.336 0.498 0.024
0.336 0.498 0.032
0.344 0.498 0
0.344 0.498 0.008
0.344 0.498 0.016
0.344 0.498 0.024
0.344 0.498 0.032
0.352 0.498 0
0.352 0.498 0.008
0.352 0.498 0.016
0.352 0.498 0.024
0.352 0.498 0.032
0.36 0.498 0
0.36 0.498 0.008
0.36 0.498 0.016
0.36 0.498 0.024
0.36 0.498 0.032
0.368 0.498 0
0.368 0.498 0.008
0.368 0.498 0.016
0.368 0.498 0.024
0.368 0.498 0.032
0.376 0.498 0
0.376 0.498 0.008
0.376 0.498 0.016
0.376 0.498 0.024
0.376 0.498 0.032
0.384 0.498 0
0.384 0.498 0.008
0.384 0.498 0.016
0.384 0.498 0.024
0.384 0.498 0.032
0.392 0.498 0
0.392 0.498 0.008
0.392 0.498 0.016
0.392 0.498 0.024
0.392 0.498 0.032
0 0.514 0
0 0.514 0.008
0 0.514 0.016
0 0.514 0.024
0 0.514 0.032
0.008 0.514 0
0.008 0.514 0.008
0.008 0.514 0.016
0.008 0.514 0.024
0.008 0.514 0.032
0.016 0.514 0
0.016 0.514 0.008
0.016 0.514 0.016
0.016 0.514 0.024
0.016 0.514 0.032
0.024 0.514 0
0.024 0.514 0.008
0.024 0.514 0.016
0.024 0.514 0.024
0.024 0.514 0.032
0.032 0.514 0
0.032 0.514 0.008
0.032 0.514 0.016
0.032 0.514 0.024
0.032 0.514 0.032
0.04 0.514 0
0.04 0.514 0.008
0.04 0.514 0.016
0.04 0.514 0.024
0.04 0.514 0.032
0.048 0.514 0
0.048 0.514 0.008
0.048 0.514 0.016
0.048 0.514 0.024
0.048 0.514 0.032
0.056 0.514 0
0.056 0.514 0.008
0.056 0.514 0.016
0.056 0.514 0.024
0.056 0.514 0.032
0.064 0.514 0
0.064 0.514 0.008
0.064 0.514 0.016
0.064 0.514 0.024
0.064 0.514 0.032
0.072 0.514 0
0.072 0.514 0.008
0.072 0.514 0.016
0.072 0.514 0.024
0.072 0.514 0.032
0.08 0.514 0
0.08 0.514 0.008
0.08 0.514 0.016
0.08 0.514 0.024
0.08 0.514 0.032
0.088 0.514 0
0.088 0.514 0.008
0.088 0.514 0.016
0.088 0.514 0.024
0.088 0.514 0.032
0.096 0.514 0
0.096 0.514 0.008
0.096 0.514 0.016
0.096 0.514 0.024
0.096 0.514 0.032
0.104 0.514 0
0.104 0.514 0.008
0.104 0.514 0.016
0.104 0.514 0.024
0.104 0.514 0.032
0.112 0.514 0
0.112 0.514 0.008
0.112 0.514 0.016
0.112 0.514 0.024
0.112 0.514 0.032
0.12 0.514 0
0.12 0.514 0.008
0.12 0.514 0.016
0.12 0.514 0.024
0.12 0.514 0.032
0.128 0.514 0
0.128 0.514 0.008
0.128 0.514 0.016
0.128 0.514 0.024
0.128 0.514 0.032
0.136 0.514 0
0.136 0.514 0.008
0.136 0.514 0.016
0.136 0.514 0.024
0.136 0.514 0.032
0.144 0.514 0
0.144 0.514 0.008
0.144 0.514 0.016
0.144 0.514 0.024
0.144 0.514 0.032
0.152 0.514 0
0.152 0.514 0.008
0.152 0.514 0.016
0.152 0.514 0.024
0.152 0.514 0.032
0.16 0.514 0
0.16 0.514 0.008
0.16 0.514 0.016
0.16 0.514 0.024
0.16 0.514 0.032
0.168 0.514 0
0.168 0.514 0.008
0.168 0.514 0.016
0.168 0.514 0.024
0.168 0.514 0.032
0.176 0.514 0
0.176 0.514 0.008
0.176 0.514 0.016
0.176 0.514 0.024
0.176 0.514 0.032
0.184 0.514 0
0.184 0.514 0.008
0.184 0.514 0.016
0.184 0.514 0.024
0.184 0.514 0.032
0.192 0.514 0
0.192 0.514 0.008
0.192 0.514 0.016
0.192 0.514 0.024
0.192 0.514 0.032
0.2 0.514 0
0.2 0.514 0.008
0.2 0.514 0.016
0.2 0.514 0.024
0.2 0.514 0.032
0.208 0.514 0
0.208 0.514 0.008
0.208 0.514 0.016
0.208 0.514 0.024
0.208 0.514 0.032
0.216 0.514 0
0.216 0.514 0.008
0.216 0.514 0.016
0.216 0.514 0.024
0.216 0.514 0.032
0.224 0.514 0
0.224 0.514 0.008
0.224 0.514 0.016
0.224 0.514 0.024
0.224 0.514 0.032
0.232 0.514 0
0.232 0.514 0.008
0.232 0.514 0.016
0.232 0.514 0.024
0.232 0.514 0.032
0.24 0.514 0
0.24 0.514 0.008
0.24 0.514 0.016
0.24 0.514 0.024
0.24 0.514 0.032
0.248 0.514 0
0.248 0.514 0.008
0.248 0.514 0.016
0.248 0.514 0.024
0.248 0.514 0.032
0.256 0.514 0
0.256 0.514 0.008
0.256 0.514 0.016
0.256 0.514 0.024
0.256 0.514 0.032
0.264 0.514 0
0.264 0.514 0.008
0.264 0.514 0.016
0.264 0.514 0.024
0.264 0.514 0.032
0.272 0.514 0
0.272 0.514 0.008
0.272 0.514 0.016
0.272 0.514 0.024
0.272 0.514 0.032
0.28 0.514 0
0.28 0.514 0.008
0.28 0.514 0.016
0.28 0.514 0.024
0.28 0.514 0.032
0.288 0.514 0
0.288 0.514 0.008
0.288 0.514 0.016
0.288 0.514 0.024
0.288 0.514 0.032
0.296 0.514 0
0.296 0.514 0.008
0.296 0.514 0.016
0.296 0.514 0.024
0.296 0.514 0.032
0.304 0.514 0
0.304 0.514 0.008
0.304 0.514 0.016
0.304 0.514 0.024
0.304 0.514 0.032
0.312 0.514 0
0.312 0.514 0.008
0.312 0.514 0.016
0.312 0.514 0.024
0.312 0.514 0.032
0.32 0.514 0
0.32 0.514 0.008
0.32 0.514 0.016
0.32 0.514 0.024
0.32 0.514 0.032
0.328 0.514 0
0.328 0.514 0.008
0.328 0.514 0.016
0.328 0.514 0.024
0.328 0.514 0.032
0.336 0.514 0
0.336 0.514 0.008
0.336 0.514 0.016
0.336 0.514 0.024
0.336 0.514 0.032
0.344 0.514 0
0.344 0.514 0.008
0.344 0.514 0.016
0.344 0.514 0.024
0.344 0.514 0.032
0.352 0.514 0
0.352 0.514 0.008
0.352 0.514 0.016
0.352 0.514 0.024
0.352 0.514 0.032
0.36 0.514 0
0.36 0.514 0.008
0.36 0.514 0.016
0.36 0.514 0.024
0.36 0.514 0.032
0.368 0.514 0
0.368 0.514 0.008
0.368 0.514 0.016
0.368 0.514 0.024
0.368 0.514 0.032
0.376 0.514 0
0.376 0.514 0.008
0.376 0.514 0.016
0.376 0.514 0.024
0.376 0.514 0.032
0.384 0.514 0
0.384 0.514 0.008
0.384 0.514 0.016
0.384 0.514 0.024
0.384 0.514 0.032
0.392 0.514 0
0.392 0.514 0.008
0.392 0.514 0.016
0.392 0.514 0.024
0.392 0.514 0.032
0 0.53 0
0 0.53 0.008
0 0.53 0.016
0 0.53 0.024
0 0.53 0.032
0.008 0.53 0
0.008 0.53 0.008
0.008 0.53 0.016
0.008 0.53 0.024
0.008 0.53 0.032
0.016 0.53 0
0.016 0.53 0.008
0.016 0.53 0.016
0.016 0.53 0.024
0.016 0.53 0.032
0.024 0.53 0
0.024 0.53 0.008
0.024 0.53 0.016
0.024 0.53 0.024
0.024 0.53 0.032
0.032 0.53 0
0.032 0.53 0.008
0.032 0.53 0.016
0.032 0.53 0.024
0.032 0.53 0.032
0.04 0.53 0
0.04 0.53 0.008
0.04 0.53 0.016
0.04 0.53 0.024
0.04 0.53 0.032
0.048 0.53 0
0.048 0.53 0.008
0.048 0.53 0.016
0.048 0.53 0.024
0.048 0.53 0.032
0.056 0.53 0
0.056 0.53 0.008
0.056 0.53 0.016
0.056 0.53 0.024
0.056 0.53 0.032
0.064 0.53 0
0.064 0.53 0.008
0.064 0.53 0.016
0.064 0.53 0.024
0.064 0.53 0.032
0.072 0.53 0
0.072 0.53 0.008
0.072 0.53 0.016
0.072 0.53 0.024
0.072 0.53 0.032
0.08 0.53 0
0.08 0.53 0.008
0.08 0.53 0.016
0.08 0.53 0.024
0.08 0.53 0.032
0.088 0.53 0
0.088 0.53 0.008
0.088 0.53 0.016
0.088 0.53 0.024
0.088 0.53 0.032
0.096 0.53 0
0.096 0.53 0.008
0.096 0.53 0.016
0.096 0.53 0.024
0.096 0.53 0.032
0.104 0.53 0
0.104 0.53 0.008
0.104 0.53 0.016
0.104 0.53 0.024
0.104 0.53 0.032
0.112 0.53 0
0.112 0.53 0.008
0.112 0.53 0.016
0.112 0.53 0.024
0.112 0.53 0.032
0.12 0.53 0
0.12 0.53 0.008
0.12 0.53 0.016
0.12 0.53 0.024
0.12 0.53 0.032
0.128 0.53 0
0.128 0.53 0.008
0.128 0.53 0.016
0.128 0.53 0.024
0.128 0.53 0.032
0.136 0.53 0
0.136 0.53 0.008
0.136 0.53 0.016
0.136 0.53 0.024
0.136 0.53 0.032
0.144 0.53 0
0.144 0.53 0.008
0.144 0.53 0.016
0.144 0.53 0.024
0.144 0.53 0.032
0.152 0.53 0
0.152 0.53 0.008
0.152 0.53 0.016
0.152 0.53 0.024
0.152 0.53 0.032
0.16 0.53 0
0.16 0.53 0.008
0.16 0.53 0.016
0.16 0.53 0.024
0.16 0.53 0.032
0.168 0.53 0
0.168 0.53 0.008
0.168 0.53 0.016
0.168 0.53 0.024
0.168 0.53 0.032
0.176 0.53 0
0.176 0.53 0.008
0.176 0.53 0.016
0.176 0.53 0.024
0.176 0.53 0.032
0.184 0.53 0
0.184 0.53 0.008
0.184 0.53 0.016
0.184 0.53 0.024
0.184 0.53 0.032
0.192 0.53 0
0.192 0.53 0.008
0.192 0.53 0.016
0.192 0.53 0.024
0.192 0.53 0.032
0.2 0.53 0
0.2 0.53 0.008
0.2 0.53 0.016
0.2 0.53 0.024
0.2 0.53 0.032
0.208 0.53 0
0.208 0.53 0.008
0.208 0.53 0.016
0.208 0.53 0.024
0.208 0.53 0.032
0.216 0.53 0
0.216 0.53 0.008
0.216 0.53 0.016
0.216 0.53 0.024
0.216 0.53 0.032
0.224 0.53 0
0.224 0.53 0.008
0.224 0.53 0.016
0.224 0.53 0.024
0.224 0.53 0.032
0.232 0.53 0
0.232 0.53 0.008
0.232 0.53 0.016
0.232 0.53 0.024
0.232 0.53 0.032
0.24 0.53 0
0.24 0.53 0.008
0.24 0.53 0.016
0.24 0.53 0.024
0.24 0.53 0.032
0.248 0.53 0
0.248 0.53 0.008
0.248 0.53 0.016
0.248 0.53 0.024
0.248 0.53 0.032
0.256 0.53 0
0.256 0.53 0.008
0.256 0.53 0.016
0.256 0.53 0.024
0.256 0.53 0.032
0.264 0.53 0
0.264 0.53 0.008
0.264 0.53 0.016
0.264 0.53 0.024
0.264 0.53 0.032
0.272 0.53 0
0.272 0.53 0.008
0.272 0.53 0.016
0.272 0.53 0.024
0.272 0.53 0.032
0.28 0.53 0
0.28 0.53 0.008
0.28 0.53 0.016
0.28 0.53 0.024
0.28 0.53 0.032
0.288 0.53 0
0.288 0.53 0.008
0.288 0.53 0.016
0.288 0.53 0.024
0.288 0.53 0.032
0.296 0.53 0
0.296 0.53 0.008
0.296 0.53 0.016
0.296 0.53 0.024
0.296 0.53 0.032
0.304 0.53 0
0.304 0.53 0.008
0.304 0.53 0.016
0.304 0.53 0.024
0.304 0.53 0.032
0.312 0.53 0
0.312 0.53 0.008
0.312 0.53 0.016
0.312 0.53 0.024
0.312 0.53 0.032
0.32 0.53 0
0.32 0.53 0.008
0.32 0.53 0.016
0.32 0.53 0.024
0.32 0.53 0.032
0.328 0.53 0
0.328 0.53 0.008
0.328 0.53 0.016
0.328 0.53 0.024
0.328 0.53 0.032
0.336 0.53 0
0.336 0.53 0.008
0.336 0.53 0.016
0.336 0.53 0.024
0.336 0.53 0.032
0.344 0.53 0
0.344 0.53 0.008
0.344 0.53 0.016
0.344 0.53 0.024
0.344 0.53 0.032
0.352 0.53 0
0.352 0.53 0.008
0.352 0.53 0.016
0.352 0.53 0.024
0.352 0.53 0.032
0.36 0.53 0
0.36 0.53 0.008
0.36 0.53 0.016
0.36 0.53 0.024
0.36 0.53 0.032
0.368 0.53 0
0.368 0.53 0.008
0.368 0.53 0.016
0.368 0.53 0.024
0.368 0.53 0.032
0.376 0.53 0
0.376 0.53 0.008
0.376 0.53 0.016
0.376 0.53 0.024
0.376 0.53 0.032
0.384 0.53 0
0.384 0.53 0.008
0.384 0.53 0.016
0.384 0.53 0.024
0.384 0.53 0.032
0.392 0.53 0
0.392 0.53 0.008
0.392 0.53 0.016
0.392 0.53 0.024
0.392 0.53 0.032
0 0.546 0
0 0.546 0.008
0 0.546 0.016
0 0.546 0.024
0 0.546 0.032
0.008 0.546 0
0.008 0.546 0.008
0.008 0.546 0.016
0.008 0.546 0.024
0.008 0.546 0.032
0.016 0.546 0
0.016 0.546 0.008
0.016 0.546 0.016
0.016 0.546 0.024
0.016 0.546 0.032
0.024 0.546 0
0.024 0.546 0.008
0.024 0.546 0.016
0.024 0.546 0.024
0.024 0.546 0.032
0.032 0.546 0
0.032 0.546 0.008
0.032 0.546 0.016
0.032 0.546 0.024
0.032 0.546 0.032
0.04 0.546 0
0.04 0.546 0.008
0.04 0.546 0.016
0.04 0.546 0.024
0.04 0.546 0.032
0.048 0.546 0
0.048 0.546 0.008
0.048 0.546 0.016
0.048 0.546 0.024
0.048 0.546 0.032
0.056 0.546 0
0.056 0.546 0.008
0.056 0.546 0.016
0.056 0.546 0.024
0.056 0.546 0.032
0.064 0.546 0
0.064 0.546 0.008
0.064 0.546 0.016
0.064 0.546 0.024
0.064 0.546 0.032
0.072 0.546 0
0.072 0.546 0.008
0.072 0.546 0.016
0.072 0.546 0.024
0.072 0.546 0.032
0.08 0.546 0
0.08 0.546 0.008
0.08 0.546 0.016
0.08 0.546 0.024
0.08 0.546 0.032
0.088 0.546 0
0.088 0.546 0.008
0.088 0.546 0.016
0.088 0.546 0.024
0.088 0.546 0.032
0.096 0.546 0
0.096 0.546 0.008
0.096 0.546 0.016
0.096 0.546 0.024
0.096 0.546 0.032
0.104 0.546 0
0.104 0.546 0.008
0.104 0.546 0.016
0.104 0.546 0.024
0.104 0.546 0.032
0.112 0.546 0
0.112 0.546 0.008
0.112 0.546 0.016
0.112 0.546 0.024
0.112 0.546 0.032
0.12 0.546 0
0.12 0.546 0.008
0.12 0.546 0.016
0.12 0.546 0.024
0.12 0.546 0.032
0.128 0.546 0
0.128 0.546 0.008
0.128 0.546 0.016
0.128 0.546 0.024
0.128 0.546 0.032
0.136 0.546 0
0.136 0.546 0.008
0.136 0.546 0.016
0.136 0.546 0.024
0.136 0.546 0.032
0.144 0.546 0
0.144 0.546 0.008
0.144 0.546 0.016
0.144 0.546 0.024
0.144 0.546 0.032
0.152 0.546 0
0.152 0.546 0.008
0.152 0.546 0.016
0.152 0.546 0.024
0.152 0.546 0.032
0.16 0.546 0
0.16 0.546 0.008
0.16 0.546 0.016
0.16 0.546 0.024
0.16 0.546 0.032
0.168 0.546 0
0.168 0.546 0.008
0.168 0.546 0.016
0.168 0.546 0.024
0.168 0.546 0.032
0.176 0.546 0
0.176 0.546 0.008
0.176 0.546 0.016
0.176 0.546 0.024
0.176 0.546 0.032
0.184 0.546 0
0.184 0.546 0.008
0.184 0.546 0.016
0.184 0.546 0.024
0.184 0.546 0.032
0.192 0.546 0
0.192 0.546 0.008
0.192 0.546 0.016
0.192 0.546 0.024
0.192 0.546 0.032
0.2 0.546 0
0.2 0.546 0.008
0.2 0.546 0.016
0.2 0.546 0.024
0.2 0.546 0.032
0.208 0.546 0
0.208 0.546 0.008
0.208 0.546 0.016
0.208 0.546 0.024
0.208 0.546 0.032
0.216 0.546 0
0.216 0.546 0.008
0.216 0.546 0.016
0.216 0.546 0.024
0.216 0.546 0.032
0.224 0.546 0
0.224 0.546 0.008
0.224 0.546 0.016
0.224 0.546 0.024
0.224 0.546 0.032
0.232 0.546 0
0.232 0.546 0.008
0.232 0.546 0.016
0.232 0.546 0.024
0.232 0.546 0.032
0.24 0.546 0
0.24 0.546 0.008
0.24 0.546 0.016
0.24 0.546 0.024
0.24 0.546 0.032
0.248 0.546 0
0.248 0.546 0.008
0.248 0.546 0.016
0.248 0.546 0.024
0.248 0.546 0.032
0.256 0.546 0
0.256 0.546 0.008
0.256 0.546 0.016
0.256 0.546 0.024
0.256 0.546 0.032
0.264 0.546 0
0.264 0.546 0.008
0.264 0.546 0.016
0.264 0.546 0.024
0.264 0.546 0.032
0.272 0.546 0
0.272 0.546 0.008
0.272 0.546 0.016
0.272 0.546 0.024
0.272 0.546 0.032
0.28 0.546 0
0.28 0.546 0.008
0.28 0.546 0.016
0.28 0.546 0.024
0.28 0.546 0.032
0.288 0.546 0
0.288 0.546 0.008
0.288 0.546 0.016
0.288 0.546 0.024
0.288 0.546 0.032
0.296 0.546 0
0.296 0.546 0.008
0.296 0.546 0.016
0.296 0.546 0.024
0.296 0.546 0.032
0.304 0.546 0
0.304 0.546 0.008
0.304 0.546 0.016
0.304 0.546 0.024
0.304 0.546 0.032
0.312 0.546 0
0.312 0.546 0.008
0.312 0.546 0.016
0.312 0.546 0.024
0.312 0.546 0.032
0.32 0.546 0
0.32 0.546 0.008
0.32 0.546 0.016
0.32 0.546 0.024
0.32 0.546 0.032
0.328 0.546 0
0.328 0.546 0.008
0.328 0.546 0.016
0.328 0.546 0.024
0.328 0.546 0.032
0.336 0.546 0
0.336 0.546 0.008
0.336 0.546 0.016
0.336 0.546 0.024
0.336 0.546 0.032
0.344 0.546 0
0.344 0.546 0.008
0.344 0.546 0.016
0.344 0.546 0.024
0.344 0.546 0.032
0.352 0.546 0
0.352 0.546 0.008
0.352 0.546 0.016
0.352 0.546 0.024
0.352 0.546 0.032
0.36 0.546 0
0.36 0.546 0.008
0.36 0.546 0.016
0.36 0.546 0.024
0.36 0.546 0.032
0.368 0.546 0
0.368 0.546 0.008
0.368 0.546 0.016
0.368 0.546 0.024
0.368 0.546 0.032
0.376 0.546 0
0.376 0.546 0.008
0.376 0.546 0.016
0.376 0.546 0.024
0.376 0.546 0.032
0.384 0.546 0
0.384 0.546 0.008
0.384 0.546 0.016
0.384 0.546 0.024
0.384 0.546 0.032
0.392 0.546 0
0.392 0.546 0.008
0.392 0.546 0.016
0.392 0.546 0.024
0.392 0.546 0.032
0 0.562 0
0 0.562 0.008
0 0.562 0.016
0 0.562 0.024
0 0.562 0.032
0.008 0.562 0
0.008 0.562 0.008
0.008 0.562 0.016
0.008 0.562 0.024
0.008 0.562 0.032
0.016 0.562 0
0.016 0.562 0.008
0.016 0.562 0.016
0.016 0.562 0.024
0.016 0.562 0.032
0.024 0.562 0
0.024 0.562 0.008
0.024 0.562 0.016
0.024 0.562 0.024
0.024 0.562 0.032
0.032 0.562 0
0.032 0.562 0.008
0.032 0.562 0.016
0.032 0.562 0.024
0.032 0.562 0.032
0.04 0.562 0
0.04 0.562 0.008
0.04 0.562 0.016
0.04 0.562 0.024
0.04 0.562 0.032
0.048 0.562 0
0.048 0.562 0.008
0.048 0.562 0.016
0.048 0.562 0.024
0.048 0.562 0.032
0.056 0.562 0
0.056 0.562 0.008
0.056 0.562 0.016
0.056 0.562 0.024
0.056 0.562 0.032
0.064 0.562 0
0.064 0.562 0.008
0.064 0.562 0.016
0.064 0.562 0.024
0.064 0.562 0.032
0.072 0.562 0
0.072 0.562 0.008
0.072 0.562 0.016
0.072 0.562 0.024
0.072 0.562 0.032
0.08 0.562 0
0.08 0.562 0.008
0.08 0.562 0.016
0.08 0.562 0.024
0.08 0.562 0.032
0.088 0.562 0
0.088 0.562 0.008
0.088 0.562 0.016
0.088 0.562 0.024
0.088 0.562 0.032
0.096 0.562 0
0.096 0.562 0.008
0.096 0.562 0.016
0.096 0.562 0.024
0.096 0.562 0.032
0.104 0.562 0
0.104 0.562 0.008
0.104 0.562 0.016
0.104 0.562 0.024
0.104 0.562 0.032
0.112 0.562 0
0.112 0.562 0.008
0.112 0.562 0.016
0.112 0.562 0.024
0.112 0.562 0.032
0.12 0.562 0
0.12 0.562 0.008
0.12 0.562 0.016
0.12 0.562 0.024
0.12 0.562 0.032
0.128 0.562 0
0.128 0.562 0.008
0.128 0.562 0.016
0.128 0.562 0.024
0.128 0.562 0.032
0.136 0.562 0
0.136 0.562 0.008
0.136 0.562 0.016
0.136 0.562 0.024
0.136 0.562 0.032
0.144 0.562 0
0.144 0.562 0.008
0.144 0.562 0.016
0.144 0.562 0.024
0.144 0.562 0.032
0.152 0.562 0
0.152 0.562 0.008
0.152 0.562 0.016
0.152 0.562 0.024
0.152 0.562 0.032
0.16 0.562 0
0.16 0.562 0.008
0.16 0.562 0.016
0.16 0.562 0.024
0.16 0.562 0.032
0.168 0.562 0
0.168 0.562 0.008
0.168 0.562 0.016
0.168 0.562 0.024
0.168 0.562 0.032
0.176 0.562 0
0.176 0.562 0.008
0.176 0.562 0.016
0.176 0.562 0.024
0.176 0.562 0.032
0.184 0.562 0
0.184 0.562 0.008
0.184 0.562 0.016
0.184 0.562 0.024
0.184 0.562 0.032
0.192 0.562 0
0.192 0.562 0.008
0.192 0.562 0.016
0.192 0.562 0.024
0.192 0.562 0.032
0.2 0.562 0
0.2 0.562 0.008
0.2 0.562 0.016
0.2 0.562 0.024
0.2 0.562 0.032
0.208 0.562 0
0.208 0.562 0.008
0.208 0.562 0.016
0.208 0.562 0.024
0.208 0.562 0.032
0.216 0.562 0
0.216 0.562 0.008
0.216 0.562 0.016
0.216 0.562 0.024
0.216 0.562 0.032
0.224 0.562 0
0.224 0.562 0.008
0.224 0.562 0.016
0.224 0.562 0.024
0.224 0.562 0.032
0.232 0.562 0
0.232 0.562 0.008
0.232 0.562 0.016
0.232 0.562 0.024
0.232 0.562 0.032
0.24 0.562 0
0.24 0.562 0.008
0.24 0.562 0.016
0.24 0.562 0.024
0.24 0.562 0.032
0.248 0.562 0
0.248 0.562 0.008
0.248 0.562 0.016
0.248 0.562 0.024
0.248 0.562 0.032
0.256 0.562 0
0.256 0.562 0.008
0.256 0.562 0.016
0.256 0.562 0.024
0.256 0.562 0.032
0.264 0.562 0
0.264 0.562 0.008
0.264 0.562 0.016
0.264 0.562 0.024
0.264 0.562 0.032
0.272 0.562 0
0.272 0.562 0.008
0.272 0.562 0.016
0.272 0.562 0.024
0.272 0.562 0.032
0.28 0.562 0
0.28 0.562 0.008
0.28 0.562 0.016
0.28 0.562 0.024
0.28 0.562 0.032
0.288 0.562 0
0.288 0.562 0.008
0.288 0.562 0.016
0.288 0.562 0.024
0.288 0.562 0.032
0.296 0.562 0
0.296 0.562 0.008
0.296 0.562 0.016
0.296 0.562 0.024
0.296 0.562 0.032
0.304 0.562 0
0.304 0.562 0.008
0.304 0.562 0.016
0.304 0.562 0.024
0.304 0.562 0.032
0.312 0.562 0
0.312 0.562 0.008
0.312 0.562 0.016
0.312 0.562 0.024
0.312 0.562 0.032
0.32 0.562 0
0.32 0.562 0.008
0.32 0.562 0.016
0.32 0.562 0.024
0.32 0.562 0.032
0.328 0.562 0
0.328 0.562 0.008
0.328 0.562 0.016
0.328 0.562 0.024
0.328 0.562 0.032
0.336 0.562 0
0.336 0.562 0.008
0.336 0.562 0.016
0.336 0.562 0.024
0.336 0.562 0.032
0.344 0.562 0
0.344 0.562 0.008
0.344 0.562 0.016
0.344 0.562 0.024
0.344 0.562 0.032
0.352 0.562 0
0.352 0.562 0.008
0.352 0.562 0.016
0.352 0.562 0.024
0.352 0.562 0.032
0.36 0.562 0
0.36 0.562 0.008
0.36 0.562 0.016
0.36 0.562 0.024
0.36 0.562 0.032
0.368 0.562 0
0.368 0.562 0.008
0.368 0.562 0.016
0.368 0.562 0.024
0.368 0.562 0.032
0.376 0.562 0
0.376 0.562 0.008
0.376 0.562 0.016
0.376 0.562 0.024
0.376 0.562 0.032
0.384 0.562 0
0.384 0.562 0.008
0.384 0.562 0.016
0.384 0.562 0.024
0.384 0.562 0.032
0.392 0.562 0
0.392 0.562 0.008
0.392 0.562 0.016
0.392 0.562 0.024
0.392 0.562 0.032
0 0.578 0
0 0.578 0.008
0 0.578 0.016
0 0.578 0.024
0 0.578 0.032
0.008 0.578 0
0.008 0.578 0.008
0.008 0.578 0.016
0.008 0.578 0.024
0.008 0.578 0.032
0.016 0.578 0
0.016 0.578 0.008
0.016 0.578 0.016
0.016 0.578 0.024
0.016 0.578 0.032
0.024 0.578 0
0.024 0.578 0.008
0.024 0.578 0.016
0.024 0.578 0.024
0.024 0.578 0.032
0.032 0.578 0
0.032 0.578 0.008
0.032 0.578 0.016
0.032 0.578 0.024
0.032 0.578 0.032
0.04 0.578 0
0.04 0.578 0.008
0.04 0.578 0.016
0.04 0.578 0.024
0.04 0.578 0.032
0.048 0.578 0
0.048 0.578 0.008
0.048 0.578 0.016
0.048 0.578 0.024
0.048 0.578 0.032
0.056 0.578 0
0.056 0.578 0.008
0.056 0.578 0.016
0.056 0.578 0.024
0.056 0.578 0.032
0.064 0.578 0
0.064 0.578 0.008
0.064 0.578 0.016
0.064 0.578 0.024
0.064 0.578 0.032
0.072 0.578 0
0.072 0.578 0.008
0.072 0.578 0.016
0.072 0.578 0.024
0.072 0.578 0.032
0.08 0.578 0
0.08 0.578 0.008
0.08 0.578 0.016
0.08 0.578 0.024
0.08 0.578 0.032
0.088 0.578 0
0.088 0.578 0.008
0.088 0.578 0.016
0.088 0.578 0.024
0.088 0.578 0.032
0.096 0.578 0
0.096 0.578 0.008
0.096 0.578 0.016
0.096 0.578 0.024
0.096 0.578 0.032
0.104 0.578 0
0.104 0.578 0.008
0.104 0.578 0.016
0.104 0.578 0.024
0.104 0.578 0.032
0.112 0.578 0
0.112 0.578 0.008
0.112 0.578 0.016
0.112 0.578 0.024
0.112 0.578 0.032
0.12 0.578 0
0.12 0.578 0.008
0.12 0.578 0.016
0.12 0.578 0.024
0.12 0.578 0.032
0.128 0.578 0
0.128 0.578 0.008
0.128 0.578 0.016
0.128 0.578 0.024
0.128 0.578 0.032
0.136 0.578 0
0.136 0.578 0.008
0.136 0.578 0.016
0.136 0.578 0.024
0.136 0.578 0.032
0.144 0.578 0
0.144 0.578 0.008
0.144 0.578 0.016
0.144 0.578 0.024
0.144 0.578 0.032
0.152 0.578 0
0.152 0.578 0.008
0.152 0.578 0.016
0.152 0.578 0.024
0.152 0.578 0.032
0.16 0.578 0
0.16 0.578 0.008
0.16 0.578 0.016
0.16 0.578 0.024
0.16 0.578 0.032
0.168 0.578 0
0.168 0.578 0.008
0.168 0.578 0.016
0.168 0.578 0.024
0.168 0.578 0.032
0.176 0.578 0
0.176 0.578 0.008
0.176 0.578 0.016
0.176 0.578 0.024
0.176 0.578 0.032
0.184 0.578 0
0.184 0.578 0.008
0.184 0.578 0.016
0.184 0.578 0.024
0.184 0.578 0.032
0.192 0.578 0
0.192 0.578 0.008
0.192 0.578 0.016
0.192 0.578 0.024
0.192 0.578 0.032
0.2 0.578 0
0.2 0.578 0.008
0.2 0.578 0.016
0.2 0.578 0.024
0.2 0.578 0.032
0.208 0.578 0
0.208 0.578 0.008
0.208 0.578 0.016
0.208 0.578 0.024
0.208 0.578 0.032
0.216 0.578 0
0.216 0.578 0.008
0.216 0.578 0.016
0.216 0.578 0.024
0.216 0.578 0.032
0.224 0.578 0
0.224 0.578 0.008
0.224 0.578 0.016
0.224 0.578 0.024
0.224 0.578 0.032
0.232 0.578 0
0.232 0.578 0.008
0.232 0.578 0.016
0.232 0.578 0.024
0.232 0.578 0.032
0.24 0.578 0
0.24 0.578 0.008
0.24 0.578 0.016
0.24 0.578 0.024
0.24 0.578 0.032
0.248 0.578 0
0.248 0.578 0.008
0.248 0.578 0.016
0.248 0.578 0.024
0.248 0.578 0.032
0.256 0.578 0
0.256 0.578 0.008
0.256 0.578 0.016
0.256 0.578 0.024
0.256 0.578 0.032
0.264 0.578 0
0.264 0.578 0.008
0.264 0.578 0.016
0.264 0.578 0.024
0.264 0.578 0.032
0.272 0.578 0
0.272 0.578 0.008
0.272 0.578 0.016
0.272 0.578 0.024
0.272 0.578 0.032
0.28 0.578 0
0.28 0.578 0.008
0.28 0.578 0.016
0.28 0.578 0.024
0.28 0.578 0.032
0.288 0.578 0
0.288 0.578 0.008
0.288 0.578 0.016
0.288 0.578 0.024
0.288 0.578 0.032
0.296 0.578 0
0.296 0.578 0.008
0.296 0.578 0.016
0.296 0.578 0.024
0.296 0.578 0.032
0.304 0.578 0
0.304 0.578 0.008
0.304 0.578 0.016
0.304 0.578 0.024
0.304 0.578 0.032
0.312 0.578 0
0.312 0.578 0.008
0.312 0.578 0.016
0.312 0.578 0.024
0.312 0.578 0.032
0.32 0.578 0
0.32 0.578 0.008
0.32 0.578 0.016
0.32 0.578 0.024
0.32 0.578 0.032
0.328 0.578 0
0.328 0.578 0.008
0.328 0.578 0.016
0.328 0.578 0.024
0.328 0.578 0.032
0.336 0.578 0
0.336 0.578 0.008
0.336 0.578 0.016
0.336 0.578 0.024
0.336 0.578 0.032
0.344 0.578 0
0.344 0.578 0.008
0.344 0.578 0.016
0.344 0.578 0.024
0.344 0.578 0.032
0.352 0.578 0
0.352 0.578 0.008
0.352 0.578 0.016
0.352 0.578 0.024
0.352 0.578 0.032
0.36 0.578 0
0.36 0.578 0.008
0.36 0.578 0.016
0.36 0.578 0.024
0.36 0.578 0.032
0.368 0.578 0
0.368 0.578 0.008
0.368 0.578 0.016
0.368 0.578 0.024
0.368 0.578 0.032
0.376 0.578 0
0.376 0.578 0.008
0.376 0.578 0.016
0.376 0.578 0.024
0.376 0.578 0.032
0.384 0.578 0
0.384 0.578 0.008
0.384 0.578 0.016
0.384 0.578 0.024
0.384 0.578 0.032
0.392 0.578 0
0.392 0.578 0.008
0.392 0.578 0.016
0.392 0.578 0.024
0.392 0.578 0.032
0 0.594 0
0 0.594 0.008
0 0.594 0.016
0 0.594 0.024
0 0.594 0.032
0.008 0.594 0
0.008 0.594 0.008
0.008 0.594 0.016
0.008 0.594 0.024
0.008 0.594 0.032
0.016 0.594 0
0.016 0.594 0.008
0.016 0.594 0.016
0.016 0.594 0.024
0.016 0.594 0.032
0.024 0.594 0
0.024 0.594 0.008
0.024 0.594 0.016
0.024 0.594 0.024
0.024 0.594 0.032
0.032 0.594 0
0.032 0.594 0.008
0.032 0.594 0.016
0.032 0.594 0.024
0.032 0.594 0.032
0.04 0.594 0
0.04 0.594 0.008
0.04 0.594 0.016
0.04 0.594 0.024
0.04 0.594 0.032
0.048 0.594 0
0.048 0.594 0.008
0.048 0.594 0.016
0.048 0.594 0.024
0.048 0.594 0.032
0.056 0.594 0
0.056 0.594 0.008
0.056 0.594 0.016
0.056 0.594 0.024
0.056 0.594 0.032
0.064 0.594 0
0.064 0.594 0.008
0.064 0.594 0.016
0.064 0.594 0.024
0.064 0.594 0.032
0.072 0.594 0
0.072 0.594 0.008
0.072 0.594 0.016
0.072 0.594 0.024
0.072 0.594 0.032
0.08 0.594 0
0.08 0.594 0.008
0.08 0.594 0.016
0.08 0.594 0.024
0.08 0.594 0.032
0.088 0.594 0
0.088 0.594 0.008
0.088 0.594 0.016
0.088 0.594 0.024
0.088 0.594 0.032
0.096 0.594 0
0.096 0.594 0.008
0.096 0.594 0.016
0.096 0.594 0.024
0.096 0.594 0.032
0.104 0.594 0
0.104 0.594 0.008
0.104 0.594 0.016
0.104 0.594 0.024
0.104 0.594 0.032
0.112 0.594 0
0.112 0.594 0.008
0.112 0.594 0.016
0.112 0.594 0.024
0.112 0.594 0.032
0.12 0.594 0
0.12 0.594 0.008
0.12 0.594 0.016
0.12 0.594 0.024
0.12 0.594 0.032
0.128 0.594 0
0.128 0.594 0.008
0.128 0.594 0.016
0.128 0.594 0.024
0.128 0.594 0.032
0.136 0.594 0
0.136 0.594 0.008
0.136 0.594 0.016
0.136 0.594 0.024
0.136 0.594 0.032
0.144 0.594 0
0.144 0.594 0.008
0.144 0.594 0.016
0.144 0.594 0.024
0.144 0.594 0.032
0.152 0.594 0
0.152 0.594 0.008
0.152 0.594 0.016
0.152 0.594 0.024
0.152 0.594 0.032
0.16 0.594 0
0.16 0.594 0.008
0.16 0.594 0.016
0.16 0.594 0.024
0.16 0.594 0.032
0.168 0.594 0
0.168 0.594 0.008
0.168 0.594 0.016
0.168 0.594 0.024
0.168 0.594 0.032
0.176 0.594 0
0.176 0.594 0.008
0.176 0.594 0.016
0.176 0.594 0.024
0.176 0.594 0.032
0.184 0.594 0
0.184 0.594 0.008
0.184 0.594 0.016
0.184 0.594 0.024
0.184 0.594 0.032
0.192 0.594 0
0.192 0.594 0.008
0.192 0.594 0.016
0.192 0.594 0.024
0.192 0.594 0.032
0.2 0.594 0
0.2 0.594 0.008
0.2 0.594 0.016
0.2 0.594 0.024
0.2 0.594 0.032
0.208 0.594 0
0.208 0.594 0.008
0.208 0.594 0.016
0.208 0.594 0.024
0.208 0.594 0.032
0.216 0.594 0
0.216 0.594 0.008
0.216 0.594 0.016
0.216 0.594 0.024
0.216 0.594 0.032
0.224 0.594 0
0.224 0.594 0.008
0.224 0.594 0.016
0.224 0.594 0.024
0.224 0.594 0.032
0.232 0.594 0
0.232 0.594 0.008
0.232 0.594 0.016
0.232 0.594 0.024
0.232 0.594 0.032
0.24 0.594 0
0.24 0.594 0.008
0.24 0.594 0.016
0.24 0.594 0.024
0.24 0.594 0.032
0.248 0.594 0
0.248 0.594 0.008
0.248 0.594 0.016
0.248 0.594 0.024
0.248 0.594 0.032
0.256 0.594 0
0.256 0.594 0.008
0.256 0.594 0.016
0.256 0.594 0.024
0.256 0.594 0.032
0.264 0.594 0
0.264 0.594 0.008
0.264 0.594 0.016
0.264 0.594 0.024
0.264 0.594 0.032
0.272 0.594 0
0.272 0.594 0.008
0.272 0.594 0.016
0.272 0.594 0.024
0.272 0.594 0.032
0.28 0.594 0
0.28 0.594 0.008
0.28 0.594 0.016
0.28 0.594 0.024
0.28 0.594 0.032
0.288 0.594 0
0.288 0.594 0.008
0.288 0.594 0.016
0.288 0.594 0.024
0.288 0.594 0.032
0.296 0.594 0
0.296 0.594 0.008
0.296 0.594 0.016
0.296 0.594 0.024
0.296 0.594 0.032
0.304 0.594 0
0.304 0.594 0.008
0.304 0.594 0.016
0.304 0.594 0.024
0.304 0.594 0.032
0.312 0.594 0
0.312 0.594 0.008
0.312 0.594 0.016
0.312 0.594 0.024
0.312 0.594 0.032
0.32 0.594 0
0.32 0.594 0.008
0.32 0.594 0.016
0.32 0.594 0.024
0.32 0.594 0.032
0.328 0.594 0
0.328 0.594 0.008
0.328 0.594 0.016
0.328 0.594 0.024
0.328 0.594 0.032
0.336 0.594 0
0.336 0.594 0.008
0.336 0.594 0.016
0.336 0.594 0.024
0.336 0.594 0.032
0.344 0.594 0
0.344 0.594 0.008
0.344 0.594 0.016
0.344 0.594 0.024
0.344 0.594 0.032
0.352 0.594 0
0.352 0.594 0.008
0.352 0.594 0.016
0.352 0.594 0.024
0.352 0.594 0.032
0.36 0.594 0
0.36 0.594 0.008
0.36 0.594 0.016
0.36 0.594 0.024
0.36 0.594 0.032
0.368 0.594 0
0.368 0.594 0.008
0.368 0.594 0.016
0.368 0.594 0.024
0.368 0.594 0.032
0.376 0.594 0
0.376 0.594 0.008
0.376 0.594 0.016
0.376 0.594 0.024
0.376 0.594 0.032
0.384 0.594 0
0.384 0.594 0.008
0.384 0.594 0.016
0.384 0.594 0.024
0.384 0.594 0.032
0.392 0.594 0
0.392 0.594 0.008
0.392 0.594 0.016
0.392 0.594 0.024
0.392 0.594 0.032
